3.57027 0.10 0.71751 1.22831 -0.61414
3.61668 0.12 0.70273 1.23986 -0.59821
3.65660 0.14 0.68982 1.24997 -0.58455
3.69136 0.16 0.67834 1.25900 -0.57260
3.72192 0.18 0.66799 1.26715 -0.56196
3.74899 0.20 0.65856 1.27460 -0.55238
3.77310 0.22 0.64989 1.28147 -0.54368
3.79469 0.24 0.64187 1.28785 -0.53570
3.81410 0.26 0.63441 1.29380 -0.52834
3.83161 0.28 0.62743 1.29938 -0.52152
3.84745 0.30 0.62087 1.30464 -0.51515
3.86182 0.32 0.61468 1.30961 -0.50919
3.87487 0.34 0.60883 1.31433 -0.50358
3.88676 0.36 0.60327 1.31882 -0.49829
3.89759 0.38 0.59799 1.32311 -0.49329
3.90748 0.40 0.59295 1.32720 -0.48855
3.91652 0.42 0.58813 1.33113 -0.48404
3.92748 0.44 0.58352 1.33489 -0.47974
3.93233 0.46 0.57909 1.33852 -0.47563
3.93925 0.48 0.57484 1.34200 -0.47170
3.94557 0.50 0.57075 1.34537 -0.46794
3.95136 0.52 0.56681 1.34862 -0.46432
3.95665 0.54 0.56301 1.35176 -0.46085
3.96148 0.56 0.55933 1.35481 -0.45751
3.96590 0.58 0.55578 1.35775 -0.45428
3.96993 0.60 0.55234 1.36061 -0.45118
3.97360 0.62 0.54901 1.36339 -0.44817
3.97693 0.64 0.54578 1.36609 -0.44527
3.97996 0.66 0.54264 1.36872 -0.44246
3.98271 0.68 0.53960 1.37127 -0.43973
3.98518 0.70 0.53663 1.37376 -0.43710
3.98741 0.72 0.53375 1.37619 -0.43453
3.98941 0.74 0.53095 1.37855 -0.43204
3.99119 0.76 0.52821 1.38087 -0.42963
3.99277 0.78 0.52555 1.38312 -0.42727
3.99417 0.80 0.52295 1.38532 -0.42498
3.99538 0.82 0.52041 1.38748 -0.42276
3.99643 0.84 0.51794 1.38959 -0.42059
3.99733 0.86 0.51552 1.39165 -0.41847
3.99808 0.88 0.51316 1.39367 -0.41640
3.99870 0.90 0.51084 1.39565 -0.41439
3.99918 0.92 0.50858 1.39759 -0.41242
3.99955 0.94 0.50637 1.39949 -0.41050
3.99980 0.96 0.50420 1.40136 -0.40862
3.99995 0.98 0.50208 1.40319 -0.40678
4.00000 1.00 0.50000 1.40498 -0.40498
